1	1.000000	1.000000	1.000000	1.000000	1.000000
2	1.250000	0.625000	1.500000	0.937500	0.520833
3	1.500000	0.500000	1.528321	0.764160	0.490735
4	1.750000	0.437500	1.500000	0.656250	0.510417
5	2.000000	0.400000	1.464386	0.585754	0.546304
6	2.250000	0.375000	1.430827	0.536560	0.589694
7	2.500000	0.357143	1.401051	0.500375	0.637277
8	2.750000	0.343750	1.375000	0.472656	0.687500
9	3.000000	0.333333	1.352214	0.450738	0.739528
10	3.250000	0.325000	1.332193	0.432963	0.792866
11	3.500000	0.318182	1.314494	0.418248	0.847198
12	3.750000	0.312500	1.298747	0.405858	0.902312
13	4.000000	0.307692	1.284649	0.395277	0.958059
14	4.250000	0.303571	1.271954	0.386129	1.014328
15	4.500000	0.300000	1.260459	0.378138	1.071038
16	4.750000	0.296875	1.250000	0.371094	1.128125
17	5.000000	0.294118	1.240439	0.364835	1.185539
18	5.250000	0.291667	1.231663	0.359235	1.243238
19	5.500000	0.289474	1.223575	0.354193	1.301191
20	5.750000	0.287500	1.216096	0.349628	1.359370
21	6.000000	0.285714	1.209158	0.345474	1.417752
22	6.250000	0.284091	1.202701	0.341677	1.476317
23	6.500000	0.282609	1.196677	0.338191	1.535048
24	6.750000	0.281250	1.191040	0.334980	1.593932
25	7.000000	0.280000	1.185754	0.332011	1.652956
26	7.250000	0.278846	1.180786	0.329258	1.712109
27	7.500000	0.277778	1.176107	0.326696	1.771381
28	7.750000	0.276786	1.171691	0.324307	1.830763
29	8.000000	0.275862	1.167517	0.322074	1.890249
30	8.250000	0.275000	1.163563	0.319980	1.949830
31	8.500000	0.274194	1.159813	0.318013	2.009501
32	8.750000	0.273438	1.156250	0.316162	2.069257
