1	-nan	-nan	0.000000	-nan	-nan
2	1.000000	0.500000	1.000000	0.500000	0.500000
3	0.280487	0.093496	1.584963	0.148187	0.016546
4	0.166667	0.041667	2.000000	0.083333	0.003472
5	0.121755	0.024351	2.321928	0.056541	0.001277
6	0.097811	0.016302	2.584963	0.042140	0.000617
7	0.082905	0.011844	2.807355	0.033249	0.000350
8	0.072701	0.009088	3.000000	0.027263	0.000220
9	0.065255	0.007251	3.169925	0.022984	0.000149
10	0.059563	0.005956	3.321928	0.019787	0.000107
11	0.055060	0.005005	3.459432	0.017316	0.000080
12	0.051400	0.004283	3.584963	0.015356	0.000061
13	0.048359	0.003720	3.700440	0.013765	0.000049
14	0.045789	0.003271	3.807355	0.012452	0.000039
15	0.043583	0.002906	3.906891	0.011352	0.000032
16	0.041667	0.002604	4.000000	0.010417	0.000027
17	0.039984	0.002352	4.087463	0.009614	0.000023
18	0.038494	0.002139	4.169925	0.008918	0.000020
19	0.037162	0.001956	4.247928	0.008308	0.000017
20	0.035964	0.001798	4.321928	0.007772	0.000015
21	0.034880	0.001661	4.392317	0.007295	0.000013
22	0.033893	0.001541	4.459432	0.006870	0.000012
23	0.032990	0.001434	4.523562	0.006488	0.000010
24	0.032160	0.001340	4.584963	0.006144	0.000009
25	0.031394	0.001256	4.643856	0.005832	0.000008
26	0.030685	0.001180	4.700440	0.005547	0.000008
27	0.030026	0.001112	4.754888	0.005288	0.000007
28	0.029411	0.001050	4.807355	0.005050	0.000006
29	0.028837	0.000994	4.857981	0.004831	0.000006
30	0.028298	0.000943	4.906891	0.004629	0.000005
31	0.027792	0.000897	4.954196	0.004442	0.000005
32	0.027315	0.000854	5.000000	0.004268	0.000005
